Jaccard_jw0 : 0.14942528735632185, Jaccard_jw1 : 0.08108108108108109, Jaccard_jw2 : 0.1111111111111111, Jaccard_jw3 : 0.12359550561797752, Jaccard_jw4 : 0.13636363636363635, Jaccard_jw5 : 0.14285714285714285, Jaccard_jw6 : 0.12359550561797752, Jaccard_jw7 : 0.0989010989010989, Jaccard_jw8 : 0.1111111111111111, Jaccard_jw9 : 0.12359550561797752, Jaccard_jw10 : 0.1111111111111111, Jaccard_jw11 : 0.11731843575418995, Jaccard_jw12 : 0.13636363636363635, Jaccard_jw13 : 0.14285714285714285, Jaccard_jw14 : 0.1111111111111111, Jaccard_jw15 : 0.12994350282485875, Jaccard_jw16 : 0.13636363636363635, Jaccard_jw17 : 0.14285714285714285, Jaccard_jw18 : 0.12359550561797752, Jaccard_jw19 : 0.14285714285714285, 

Jaccard_spam0 : 0.2987012987012987, Jaccard_spam1 : 0.6, Jaccard_spam2 : 0.6666666666666666, Jaccard_spam3 : 0.7857142857142857, Jaccard_spam4 : 0.7241379310344828, Jaccard_spam5 : 0.4084507042253521, Jaccard_spam6 : 0.3986013986013986, Jaccard_spam7 : 0.42857142857142855, Jaccard_spam8 : 0.7699115044247787, Jaccard_spam9 : 0.7094017094017094, Jaccard_spam10 : 0.6949152542372882, Jaccard_spam11 : 0.48148148148148145, Jaccard_spam12 : 0.3698630136986301, Jaccard_spam13 : 0.5151515151515151, Jaccard_spam14 : 0.42857142857142855, Jaccard_spam15 : 0.6129032258064516, Jaccard_spam16 : 0.7094017094017094, Jaccard_spam17 : 0.7857142857142857, Jaccard_spam18 : 0.5503875968992248, 

Jaccard_jw mean : 0.12480076766766927, Jaccard_spam mean : 0.575712970437022